MICROSTRUCTURE_TYPE$
1
POINT$
1           1.      1.           1.
2           1.     0.5           1.
3           1.      0.           1.
4           1.      1.          0.5
5           1.     0.5          0.5
6           1.      0.          0.5
7           1.      1.           0.
8           1.     0.5           0.
9           1.      0.           0.
10          0.5      1.           1.
11          0.5     0.5           1.
12          0.5      0.           1.
13          0.5      1.          0.5
14          0.5     0.5          0.5
15          0.5      0.          0.5
16          0.5      1.           0.
17          0.5     0.5           0.
18          0.5      0.           0.
19           0.      1.           1.
20           0.     0.5           1.
21           0.      0.           1.
22           0.      1.          0.5
23           0.     0.5          0.5
24           0.      0.          0.5
25           0.      1.           0.
26           0.     0.5           0.
27           0.      0.           0.
ELEMENT$
1 11 10 11 14 13  1  2  5  4 1
2 11 11 12 15 14  2  3  6  5 1
3 11 13 14 17 16  4  5  8  7 1
4 11 14 15 18 17  5  6  9  8 1
5 11 19 20 23 22 10 11 14 13 1
6 11 20 21 24 23 11 12 15 14 1
7 11 22 23 26 25 13 14 17 16 1
8 11 23 24 27 26 14 15 18 17 1
Bounded Nodes
1
2
3
4
5
6
7
8
9
10
11
12
13
15
16
17
18
19
20
21
22
23
24
25
26
27
$$